[LEFT_CAM_2K]
fx=1409.63
fy=1409.63
cx=1108.52
cy=599.243
k1=-0.176674
k2=0.0275148

[RIGHT_CAM_2K]
fx=1390.51
fy=1390.51
cx=1122.85
cy=630.511
k1=-0.17025
k2=0.0244092

[LEFT_CAM_FHD]
fx=1409.63
fy=1409.63
cx=964.525
cy=518.243
k1=-0.176674
k2=0.0275148

[RIGHT_CAM_FHD]
fx=1390.51
fy=1390.51
cx=978.851
cy=549.511
k1=-0.17025
k2=0.0244092

[LEFT_CAM_HD]
fx=704.817
fy=704.817
cx=640.762
cy=347.622
k1=-0.176674
k2=0.0275148

[RIGHT_CAM_HD]
fx=695.255
fy=695.255
cx=647.926
cy=363.255
k1=-0.17025
k2=0.0244092

[LEFT_CAM_VGA]
fx=352.409
fy=352.409
cx=335.881
cy=181.311
k1=-0.176674
k2=0.0275148

[RIGHT_CAM_VGA]
fx=347.627
fy=347.627
cx=339.463
cy=189.128
k1=-0.17025
k2=0.0244092

[STEREO]
Baseline=120
CV_2K=0.00820427
CV_FHD=0.00820427
CV_HD=0.00820427
CV_VGA=0.00820427
RX_2K=-0.00159108
RX_FHD=-0.00159108
RX_HD=-0.00159108
RX_VGA=-0.00159108
RZ_2K=-0.0000869389
RZ_FHD=-0.0000869389
RZ_HD=-0.0000869389
RZ_VGA=-0.0000869389



